Ἕκτωρ, 53, 86.
Ἔλατος, 89, 400.
Ἑλένη, 58, 64, 94.
Ἔννομος, 48, 89, 99.
Ἐπειός, 35, 86.
Ἐπικλῆς, 55, 75, 94,
Ἐπίστροφος, 47, 84, 83, 88,
99.
Ἐρίωπις, 46, 94.
Εὔδωρος, 48, 84.
Εὔιππος, 57, 94.
Εὔμηλος, 57, 89.
Εὔνηος, 56, 86.
Εὐρύαλος, 44, 84.
Εὔρυ6άτης, 4444444, 45, 84.

Εὐρυμέδων, 444444, 54, 84,

85.
Εὐρύπυλος, 44, 89, 86,
Εὔρυσθεῦς, 99.

Εὔρυτος,95, 97, 89, 85, 499.

Εὔφημος, 55, 93.
Εὔρορῦος, 44, 89.

Ἐχέπωλος, 44444, 444444, 57,

89, 84, 88.
Ἠνοψ, 43, 84, 86, 99.

Θαλυσιάδης, 44444, 58, 89, 88.
Θάμυρις, 39, 59, 93.
Θεσσαλός, 35, 78, 86.
Θηῦαῖος, 37, 88.
Θρασυμήδης, 49, 85.
Θυέστης, 58, 64, 84.
Θυμῦραῖος, 37, 89.

Ἰαμενῦς, 53, 75, 89.
Ἰδαῖος, 37, 89.
Ἵμῦρασος, 49, 93.
Ἵμ6ριος, XIV, 99, 36, 88.

Ἱπποδάμεια, 44444, 57, 95.
Ἱππόδαμος, 57, 99.
Ἱππόθοος, 57, 94.
Ἴππῦμαχος, 99, 55, 87.
Ἵσανδρος, 54, 94.

Ἶσσς, 54, 87.

Ἰρις, 44, 95.

Καλήτωρ, 53, 89, 88.
Κάστωρ, 59, 84.
Κλεῖτος, 54, 75, 89.
Κλυμένη, 55, 95.
Κλυτίδης, 54, 89, 86.
Κοίρανος, 54, 84, 85, 94.
Κορυνήτης, 48.

Κόρωνος, 69, 89.

Κρείων, 4444, 44444, 54, 83.

Λαοδάμας, 56, 87.
Λαοδίκη, 44444, 59, 95.
Λεῦκος, 49, 75, 85.
Λήιτος, 59,”83.

Λυκόφρων, 58, 85.

Μαίων, 36, 83.

Μάκαρ, 49, 86. ’

Μάρις, 49, 94.

Μάστωρ, 53, 85.

Μαχάων, 55, 89.

Μέγας, 444, 43, 88.

Μέδων, 4444444, 54, 84, 83, 94.
Μελάνθιος, 63, 89.
Μελάνιππος, 57, 79, 86, 89.
Μέλας,49, 89.

Μελέαγρος, 59, 83.

Μέρμερος, 56, 99.

Μέροψ, 95, 5999. ,
Μήστωρ, 53, 87.

Μῦγδων, 36, 99.

 

